# APC Smart-UPS holding registers over Modbus TCP, scrubbed by scripts/sanitize-apc-ups.py
0 0
1 8194
2 8
3 0
4 1
5 0
6 0
7 1
8 0
9 0
10 0
11 0
12 0
13 0
14 0
15 0
16 0
17 0
18 0
19 0
20 0
21 0
22 0
23 0
24 0
25 1
26 0
128 0
129 376
130 51200
131 855
132 65535
133 10893
134 65535
135 2846
136 20236
137 65535
138 19704
139 65535
140 304
141 65535
142 7450
143 65535
144 7680
145 128
146 0
147 0
148 65535
149 65535
150 1
151 7450
152 65535
153 65535
154 12571
155 65535
156 65535
157 65535
158 65535
159 65535
160 65535
161 65535
162 65535
163 65535
164 65535
165 65535
166 65535
167 65535
168 65535
169 65535
170 65535
171 65535
516 21840
517 21280
518 12597
519 11829
520 0
521 0
522 0
523 0
524 65535
525 65535
526 65535
527 65535
528 65535
529 65535
530 65535
531 65535
532 21357
533 24946
534 29741
535 21840
536 21280
537 12597
538 12336
539 8224
540 8224
541 8224
542 8224
543 8224
544 8224
545 8224
546 8224
547 8224
548 21325
549 21580
550 12597
551 12336
552 21069
553 13141
554 17184
555 8224
556 0
557 0
558 0
559 0
560 0
561 0
562 0
563 0
564 21331
565 18992
566 12336
567 12336
568 12336
569 12320
570 8224
571 8224
572 16720
573 17234
574 16963
575 12598
576 13357
577 19529
578 8224
579 8224
580 0
581 0
582 0
583 0
584 0
585 0
586 0
587 0
588 1440
589 1350
590 3
591 6784
592 2
593 0
594 0
595 6864
596 16720
597 17184
598 21840
599 21280
600 8224
601 8224
602 8224
603 8224
604 21870
605 29559
606 26996
607 25448
608 25956
609 8263
610 29295
611 30064
612 20341
613 29804
614 25972
615 8263
616 29295
617 30064
618 8241
619 8224
620 0
621 0
622 0
623 0
624 0
625 0
626 0
627 0
628 0
629 0
630 0
631 0
632 0
633 0
634 0
635 0
1026 127
1027 106
1028 1
1029 0
1030 0
1031 0
1032 8
1033 0
1034 90
1035 0
1036 0
1037 8
1038 0
1039 65535
1040 65535
1041 65535
1042 65535
1043 65535
1044 65535
1045 65535
1046 65535
1047 65535
1048 65535
1049 65535
1050 65535
1051 65535
1052 65535
1053 65535
1054 0
1055 0
1056 0
1057 0
1058 0
1059 0
1060 0
1061 0
1062 0
1063 0
1064 0
1065 0
1066 0
1067 0
1068 32767
1069 0
1070 0
1071 0
1072 0
1073 32767
